# qz delta_chi2_from_qzA_posterior
8.000000000000000444e-01 5.322515439725131046e+02
8.025125628140703515e-01 5.116087035494612678e+02
8.050251256281407697e-01 5.102224421089404700e+02
8.075376884422110768e-01 4.909645406448721587e+02
8.100502512562814950e-01 4.888002118997004004e+02
8.125628140703518021e-01 4.755046874239467911e+02
8.150753768844221092e-01 4.680817094406553451e+02
8.175879396984925274e-01 4.667200067529414582e+02
8.201005025125628345e-01 4.483603809087298373e+02
8.226130653266332526e-01 4.462585771798156316e+02
8.251256281407035598e-01 4.325791406413144955e+02
8.276381909547738669e-01 4.264933970872316422e+02
8.301507537688442850e-01 4.251553784174188877e+02
8.326633165829145922e-01 4.076980195573843844e+02
8.351758793969850103e-01 4.056549684974492607e+02
8.376884422110553174e-01 3.921653902352665568e+02
8.402010050251256246e-01 3.868437036315604587e+02
8.427135678391960427e-01 3.855285488716560849e+02
8.452261306532663498e-01 3.689770597596195216e+02
8.477386934673367680e-01 3.669893653712107380e+02
8.502512562814070751e-01 3.539242067186073086e+02
8.527638190954773822e-01 3.491325662511098358e+02
8.552763819095478004e-01 3.478395097589902889e+02
8.577889447236181075e-01 3.321971408636476895e+02
8.603015075376885257e-01 3.302617460827966056e+02
8.628140703517588328e-01 3.177491013947183660e+02
8.653266331658291399e-01 3.133599196699539107e+02
8.678391959798995581e-01 3.120882524177845312e+02
8.703517587939698652e-01 2.973579248214642234e+02
8.728643216080402834e-01 2.954720865269621299e+02
8.753768844221105905e-01 2.835924900118046708e+02
8.778894472361808976e-01 2.795256925130019567e+02
8.804020100502513158e-01 2.782747676450005656e+02
8.829145728643216229e-01 2.644590807402835821e+02
8.854271356783920410e-01 2.626203584714876342e+02
8.879396984924623482e-01 2.514287982432541924e+02
8.904522613065326553e-01 2.476298018331690116e+02
8.929648241206030734e-01 2.463990453929812929e+02
8.954773869346733806e-01 2.335002654107499893e+02
8.979899497487437987e-01 2.317065269111419354e+02
9.005025125628141058e-01 2.212424975695028877e+02
9.030150753768844130e-01 2.176721447759173031e+02
9.055276381909548311e-01 2.164610744000769103e+02
9.080402010050251382e-01 2.044810967552834313e+02
9.105527638190955564e-01 2.027305460351322495e+02
9.130653266331658635e-01 1.930232009370126320e+02
9.155778894472361706e-01 1.896525857818480461e+02
9.180904522613065888e-01 1.884608417814306733e+02
9.206030150753768959e-01 1.774011157048107350e+02
9.231155778894473141e-01 1.756923530799997479e+02
9.256281407035176212e-01 1.667632870501572881e+02
9.281407035175879283e-01 1.635709368650519195e+02
9.306532663316583465e-01 1.623983326627974009e+02
9.331658291457286536e-01 1.522597298347703259e+02
9.356783919597990717e-01 1.505918589700225709e+02
9.381909547738693789e-01 1.424565619943519152e+02
9.407035175879396860e-01 1.394269271975226161e+02
9.432160804020101041e-01 1.382735300557654909e+02
9.457286432160804113e-01 1.290561289196681685e+02
9.482412060301508294e-01 1.274289340996872681e+02
9.507537688442211365e-01 1.200973688970045004e+02
9.532663316582914437e-01 1.172201562811004436e+02
9.557788944723618618e-01 1.160864153978447035e+02
9.582914572864321689e-01 1.077891582041683165e+02
9.608040201005025871e-01 1.062033868131618135e+02
9.633165829145728942e-01 9.967987730462320428e+01
9.658291457286432014e-01 9.695002215971730664e+01
9.683417085427136195e-01 9.583697060590621675e+01
9.708542713567839266e-01 8.845712978720962383e+01
9.733668341708543448e-01 8.691493099080084050e+01
9.758793969849246519e-01 8.119742266236880823e+01
9.783919597989949590e-01 7.861561220291912377e+01
9.809045226130653772e-01 7.752518327607558035e+01
9.834170854271356843e-01 7.105754729716110774e+01
9.859296482412061025e-01 6.956313756307326912e+01
9.884422110552764096e-01 6.464185513037998021e+01
9.909547738693467167e-01 6.221553900212797572e+01
9.934673366834171349e-01 6.115105808737592241e+01
9.959798994974875530e-01 5.558671790686703673e+01
9.984924623115578601e-01 5.414736267452327212e+01
1.001005025125628167e+00 5.000295721070487076e+01
1.003517587939698474e+00 4.774769868350360724e+01
1.006030150753769004e+00 4.671464002014640471e+01
1.008542713567839311e+00 4.203923828516138173e+01
1.011055276381909618e+00 4.066664269793108133e+01
1.013567839195979925e+00 3.726813302161082220e+01
1.016080402010050232e+00 3.520892632916047660e+01
1.018592964824120539e+00 3.421605954397321625e+01
1.021105527638191068e+00 3.040738655767626852e+01
1.023618090452261375e+00 2.911954383509878852e+01
1.026130653266331683e+00 2.642273937842774245e+01
1.028643216080401990e+00 2.459453059184437151e+01
1.031155778894472519e+00 2.365561799805260179e+01
1.033668341708542826e+00 2.068055989735514189e+01
1.036180904522613133e+00 1.950395303770019240e+01
1.038693467336683440e+00 1.745148960378192271e+01
1.041206030150753747e+00 1.589772252314016399e+01
1.043718592964824055e+00 1.503394581003693276e+01
1.046231155778894584e+00 1.284508649395921509e+01
1.048743718592964891e+00 1.181680068997204813e+01
1.051256281407035198e+00 1.034106503572976266e+01
1.053768844221105505e+00 9.109037771283770013e+00
1.056281407035176034e+00 8.333426634767171493e+00
1.058793969849246341e+00 6.884954272063292358e+00
1.061306532663316649e+00 6.053720327710652604e+00
1.063819095477386956e+00 5.083288990041130440e+00
1.066331658291457263e+00 4.216011268757962505e+00
1.068844221105527570e+00 3.594824221459046676e+00
1.071356783919598099e+00 2.783998787434177835e+00
1.073869346733668406e+00 2.208687035685082733e+00
1.076381909547738713e+00 1.677409569402451339e+00
1.078894472361809020e+00 1.203574432211373946e+00
1.081407035175879550e+00 8.228252303294762982e-01
1.083919597989949857e+00 5.295012907672482783e-01
1.086432160804020164e+00 2.737456390285224472e-01
1.088944723618090471e+00 1.301526019262215783e-01
1.091457286432160778e+00 5.573685620590573819e-02
1.093969849246231085e+00 -0.000000000000000000e+00
1.096482412060301614e+00 1.159515918902958020e-01
1.098994974874371922e+00 2.390415438843920271e-01
1.101507537688442229e+00 4.535038688359565029e-01
1.104020100502512536e+00 7.587425563209784229e-01
1.106532663316583065e+00 1.118123080579078277e+00
1.109045226130653372e+00 1.546915164307231194e+00
1.111557788944723679e+00 2.093456790528813727e+00
1.114070351758793986e+00 2.661515617270723943e+00
1.116582914572864293e+00 3.304867529993944508e+00
1.119095477386934601e+00 4.173538180502501582e+00
1.121608040201005130e+00 4.833783081559512418e+00
1.124120603015075437e+00 5.826111880517507835e+00
1.126633165829145744e+00 6.767611770844649932e+00
1.129145728643216051e+00 7.694990028914763691e+00
1.131658291457286580e+00 9.164867817513599135e+00
1.134170854271356887e+00 9.992235558653987937e+00
1.136683417085427195e+00 1.142866895662130844e+01
1.139195979899497502e+00 1.278308031182910298e+01
1.141708542713567809e+00 1.393832644076984195e+01
1.144221105527638116e+00 1.609182486172020532e+01
1.146733668341708645e+00 1.703846284268166755e+01
1.149246231155778952e+00 1.889778923984124503e+01
1.151758793969849259e+00 2.071664122474948044e+01
1.154271356783919567e+00 2.204950829316932825e+01
1.156783919597990096e+00 2.495459472103332743e+01
1.159296482412060403e+00 2.598664272193162361e+01
1.161809045226130710e+00 2.823667755026138337e+01
1.164321608040201017e+00 3.057465598888489922e+01
1.166834170854271324e+00 3.204478087886356974e+01
1.169346733668341631e+00 3.575352454322164419e+01
1.171859296482412161e+00 3.684794116241951656e+01
1.174371859296482468e+00 3.945494601498550935e+01
1.176884422110552775e+00 4.236158993441701881e+01
1.179396984924623304e+00 4.393907355028068906e+01
1.181909547738693611e+00 4.848897728858451472e+01
1.184422110552763918e+00 4.963055765127308661e+01
1.186934673366834225e+00 5.256699741049814634e+01
1.189447236180904532e+00 5.608049765447496782e+01
1.191959798994974840e+00 5.774456915168887150e+01
1.194472361809045147e+00 6.316127182620622449e+01
1.196984924623115676e+00 6.434024303168236258e+01
1.199497487437185983e+00 6.758996234208657938e+01
1.202010050251256290e+00 7.173343352893746783e+01
1.204522613065326819e+00 7.347047197657229844e+01
1.207035175879397126e+00 7.977066559755211017e+01
1.209547738693467434e+00 8.098091358436683151e+01
1.212060301507537741e+00 8.454230679630970258e+01
1.214572864321608048e+00 8.932176441016135016e+01
1.217085427135678355e+00 9.112340593445154013e+01
1.219597989949748662e+00 9.831735654180303641e+01
1.222110552763819191e+00 9.955518866621814311e+01
1.224623115577889498e+00 1.034438099201345835e+02
1.227135678391959805e+00 1.088463940833226218e+02
1.229648241206030335e+00 1.107080075366801282e+02
1.232160804020100642e+00 1.188014923193685775e+02
1.234673366834170949e+00 1.200648034481184254e+02
1.237185929648241256e+00 1.243173944828544393e+02
1.239698492462311563e+00 1.303079186922267354e+02
1.242211055276381870e+00 1.322274872235938972e+02
1.244723618090452177e+00 1.412231810829574385e+02
1.247236180904522707e+00 1.425109041997342274e+02
1.249748743718593014e+00 1.471939388021505124e+02
1.252261306532663321e+00 1.537067319381335437e+02
1.254773869346733850e+00 1.556840790722022518e+02
1.257286432160804157e+00 1.655825013218535275e+02
1.259798994974874464e+00 1.668942510392963356e+02
1.262311557788944771e+00 1.721241217718117582e+02
1.264824120603015079e+00 1.790430952381583154e+02
1.267336683417085386e+00 1.810793723316194530e+02
1.269849246231155693e+00 1.918795099457557001e+02
1.272361809045226222e+00 1.932153537339875982e+02
1.274874371859296529e+00 1.992140483478266617e+02
1.277386934673366836e+00 2.063171840604758813e+02
1.279899497487437365e+00 2.084145453605302691e+02
1.282412060301507672e+00 2.201142485351198275e+02
1.284924623115577980e+00 2.214745612972091919e+02
1.287437185929648287e+00 2.287882714755691893e+02
1.289949748743718594e+00 2.355291183275474793e+02
1.292462311557788901e+00 2.376905275170174150e+02
1.294974874371859430e+00 2.502867479915212243e+02
1.297487437185929737e+00 2.516721205824913739e+02
1.300000000000000044e+00 2.656510107714472610e+02
